function h = generate_h_coeffs()
    h=[-1 0 3 0 -8 0 21 0 -45 0 91 0 -191 0 643 1024 643 0 -191 0 91 0 -45 0 21 0 -8 0 3 0 -1];

    h = h/2050;
end